67	60	0.15	1
1	0.015		
2	0.001511887		
3	0.000266667		
4	0.000075		
5	0.00004		
6	1.66667E-05		
7	0.00001		
8	0.00000375		
9	2.22222E-06		
10	0.000001		
11	0		
12	0		
13	0		
14	0		
15	0		
16	0
17	6.88235E-07
18	1.05556E-06
19	1.59474E-06
20	0.000002375
21	3.47143E-06
22	0.000005
23	7.04348E-06
24	9.79167E-06
25	0.00001332
26	1.78462E-05
27	2.34074E-05
28	3.01786E-05
29	3.82759E-05
30	4.73333E-05
31	5.77419E-05
32	6.90625E-05
33	8.09091E-05
34	9.29412E-05
35	0.000105143
36	0.000116389
37	0.000126216
38	0.000134474
39	0.000140513
40	0.000144
41	0.000144878
42	0.000142857
43	0.00013814
44	0.000130909
45	0.000121778
46	0.000111087
47	9.93617E-05
48	8.72917E-05
49	7.5102E-05
50	0.0000632
51	5.23529E-05
52	0.0000425
53	3.37736E-05
54	2.62963E-05
55	2.01818E-05
56	1.50893E-05
57	1.10877E-05
58	0.000008
59	5.64407E-06
60	3.91667E-06
61	2.65574E-06
62	1.77419E-06
63	1.15714E-06
64	7.40625E-07
65	4.66154E-07
66	2.86364E-07
67	1.73134E-07
